time,x,y,z,phi,theta,psi,x_velocity,y_velocity,z_velocity,phi_velocity,theta_velocity,psi_velocity,rotor_speed1,rotor_speed2,rotor_speed3,rotor_speed4
0.12000000000000001,1.41066714097e-05,-9.87558517961e-06,10.0222806419,6.28193796823,6.28130945671,0.0,0.000604796960341,-0.000412062215418,0.37122283149,-0.0260803641387,-0.0402090805259,0.0,464.32906308155015,462.7494080337312,463.5650750460615,462.53950210948074
0.23999999999999996,0.00029797100001,-0.000211825021574,10.0706927415,6.27877715394,6.27905103697,0.0,0.00467613213067,-0.00358826593623,0.435591600491,-0.0267043180114,0.00734942492804,0.0,414.29794554489786,416.3829062758664,414.6625838557338,414.63498089205854
0.36000000000000004,0.00120160098362,-0.00114425682247,10.1469374137,6.2746477733,6.28268618448,0.0,0.00958413151035,-0.0129553617292,0.834679456328,-0.0458048683526,0.0581099828992,0.0,466.47667198621025,468.45450476839983,468.4251923252212,467.6815714818494
0.48000000000000015,0.00225520996915,-0.00349355618484,10.2587844231,6.27185170506,0.00525587769643,0.0,0.00664106879396,-0.026928435999,1.02908260652,0.00405450103036,0.0326779071067,0.0,438.23263906619985,437.17597631512575,434.91481197121806,436.9972334720548
0.6000000000000002,0.00249240853027,-0.00773025719418,10.4030941707,6.27446654043,0.00755739090302,0.0,-0.00333564022315,-0.0431283188778,1.37529693762,0.0439619053199,-0.00168393244374,0.0,460.897281770203,459.53757506058713,460.55866352222,462.13408398029367
0.7200000000000003,0.00137795254082,-0.0136174483264,10.5941246366,6.27987885349,0.00598776973095,0.0,-0.014895082779,-0.0535796515362,1.80726243641,0.0466862551923,-0.0304093354429,0.0,474.78296198732477,473.6798917298219,474.534063920907,474.6396423349513
0.8400000000000004,-0.000851261074966,-0.0202239331154,10.82834288,0.000798659430019,0.00191753949651,0.0,-0.02130787861,-0.0554777593724,2.09531509359,0.0150846292298,-0.0389510581831,0.0,455.32131819876935,454.97908527846033,453.5863429316341,452.3162200295699
0.9600000000000005,-0.00350268671066,-0.0267555286261,11.0947283139,0.00472139309805,0.000719022930588,0.0,-0.0224594811842,-0.0525703263224,2.3433951548,0.0547104693898,0.023961373334,0.0,447.6498960074217,450.2020445455188,448.12328778595014,449.73135405694086
1.0800000000000005,-0.0063208787578,-0.0324433877026,11.4027662571,0.0111155336233,0.00112896219015,0.0,-0.024757973827,-0.040554070725,2.78840036953,0.0512699395553,-0.03024495699,0.0,481.0071646120795,478.9503151751339,479.5182860556336,479.3892321779564
1.2000000000000006,-0.00930481008959,-0.0364080560239,11.7380821911,0.0169414330604,6.28041720433,0.0,-0.0242340522538,-0.0243895650175,2.80012171281,0.0446701277369,-0.035645705364,0.0,413.6123720758022,413.37399285929143,414.19126593542745,413.9025858171944
1.3200000000000007,-0.0118620371527,-0.0376002822082,12.0969058808,0.0248506358966,6.27715648853,0.0,-0.0175242291665,0.00635039147839,3.17809008298,0.0919015900757,-0.0159596256369,0.0,470.95712082805017,471.71765574660185,471.7662326782449,473.58911291381037
1.4400000000000008,-0.0136029753925,-0.0352289412608,12.4660626379,0.0346197501969,6.27824723636,0.0,-0.0115694125544,0.0347915064062,2.97567342879,0.0655854124077,0.0391039448951,0.0,376.0944458192003,378.7518818797301,379.53003256844147,378.27157724309006
1.560000000000001,-0.0146813266322,-0.0281472874433,12.8322572778,0.0401552211396,6.2812161224,0.0,-0.00712438478476,0.0845054600413,3.12663755977,0.0145703253577,0.00239093766954,0.0,438.95560576865626,437.4298108108962,438.76296429091633,436.64151150004216
1.680000000000001,-0.0153769097054,-0.0141769379886,13.2311227257,0.0418095380299,0.000354261010065,0.0,-0.0049654995607,0.148658394291,3.51861709983,0.0126819947597,0.0406757808815,0.0,474.8509878886692,476.3172353362436,476.4707258822378,476.3984090913114
1.8000000000000012,-0.0160898578563,0.007215230224,13.6672644358,0.0408126808038,0.00232083613128,0.0,-0.00751259859299,0.20770871542,3.74880435012,-0.0428257086087,-0.0247438054928,0.0,455.4638969287892,452.8403634718815,454.6655068537105,452.43628805083335
1.9200000000000013,-0.0171004612465,0.0353627500545,14.1284208252,0.0332790443389,6.27902722193,0.0,-0.00807704824544,0.259809330939,3.93581361106,-0.0952714519099,-0.105864085922,0.0,450.50448304277717,447.2097136431645,449.4544366805367,447.32069816611875
2.0400000000000014,-0.0175123134369,0.0688081961156,14.6045135253,0.0233224017574,6.26519108473,0.0,0.00394054242171,0.295532657252,3.99862897245,-0.0670972795377,-0.129411310799,0.0,430.8509896380756,429.8418336258942,428.932547727955,430.1212930491975
2.1600000000000015,-0.0151896766416,0.10603750676,15.097530146,0.0137935698171,6.24807048448,0.0,0.038519823865,0.322824857474,4.21656993385,-0.0982337647987,-0.16307881764,0.0,455.88786895291673,454.5219161114906,455.8152769024,454.56425448942815
2.2800000000000016,-0.00780217810031,0.145516766386,15.6020845057,0.00293532038393,6.22981102728,0.0,0.0880709839878,0.333085763943,4.1927573682,-0.0801951758177,-0.137967056397,0.0,417.75400782868013,418.82394210152694,416.810136111337,417.590199267852
2.4000000000000017,0.00642020031774,0.185502925584,16.0979995382,6.27700331152,6.21319037204,0.0,0.151872838924,0.331758802526,4.0732755757,-0.0702449443722,-0.139260280469,0.0,400.98303770853005,400.90421444625053,401.0997575862983,401.5461330701421
2.520000000000002,0.0310987686122,0.224562005686,16.6030940753,6.26766333359,6.1976105563,0.0,0.262975015463,0.3170964807,4.34248757607,-0.0890317290047,-0.117451700679,0.0,464.1204153816166,464.96077137326483,464.13375525827644,463.39127739859686
2.640000000000002,0.0688504103998,0.261315603182,17.1228820827,6.25553575709,6.18386750707,0.0,0.368822107228,0.293242341658,4.32050847071,-0.119416919794,-0.110516309442,0.0,419.23217941066014,419.5208456431896,420.83169540166807,419.5047137099209
2.760000000000002,0.121688037039,0.293856599051,17.6539998222,6.23936842709,6.17158923537,0.0,0.514416870218,0.245626059473,4.52921034794,-0.158681294252,-0.0914656859082,0.0,457.467103719797,458.2162001917047,457.8045230991068,456.2229569093014
2.880000000000002,0.193790465128,0.318892676918,18.2169672808,6.21741340521,6.15939850279,0.0,0.689840988956,0.166629263967,4.84999864591,-0.223921799994,-0.116809197192,0.0,477.71973336533705,476.74411840281243,477.5486956690424,475.02226188078663
3.000000000000002,0.285016360789,0.334067481828,18.7940619388,6.19065136226,6.14401469532,0.0,0.833350963463,0.0814924400984,4.76814370695,-0.221762893526,-0.145477665466,0.0,416.1229516160214,414.84953260198665,415.8640700603685,415.90558245728755
3.1200000000000023,0.397803700859,0.3350560062,19.3836104742,6.16630512592,6.12627085052,0.0,1.05019660326,-0.0705167180198,5.05346877594,-0.179516252743,-0.151255577388,0.0,475.4211194708536,475.1807256674264,474.7379862237935,476.3182155504671
3.2400000000000024,0.534825627243,0.318305936169,19.9864474705,6.14484327754,6.10797942158,0.0,1.23683513738,-0.212471371651,4.99293639158,-0.177921254358,-0.154079884667,0.0,424.9252444089063,424.78106784174304,422.7173725100471,422.75342340934696
3.3600000000000025,0.698066456388,0.281069386418,20.5957672717,6.12233950768,6.09010969835,0.0,1.48734056402,-0.412516977203,5.1586971206,-0.201899719577,-0.141945487149,0.0,461.95131724494786,462.40963797720093,462.6286412332729,461.65060825465906
3.4800000000000026,0.891319667953,0.219253370561,21.2171505157,6.09988804547,6.07100622765,0.0,1.73696154342,-0.621870075733,5.19498315267,-0.168311901064,-0.186599297112,0.0,446.70429096819254,444.85495183689284,443.4324496767008,444.7757387575278
3.6000000000000028,1.11522235458,0.131481814559,21.8388270404,6.08098668836,6.04832426878,0.0,1.99877704255,-0.844182533673,5.16388973958,-0.143458170607,-0.192446267192,0.0,436.87502878008604,436.5957012769301,435.8771276479909,436.89042691599127
3.720000000000003,1.37181379553,0.0160904988719,22.4550099834,6.06146606914,6.0263408775,0.0,2.28156111601,-1.08206224176,5.10337714372,-0.193696950695,-0.1710449931,0.0,434.08712877048094,434.9508490674535,434.8442123366343,432.70764473110023
3.840000000000003,1.66626861447,-0.131281244903,23.0723608604,6.0349580077,6.00557706659,0.0,2.62948509495,-1.37850137504,5.18089397723,-0.268028681029,-0.175843499561,0.0,460.67572651926736,460.4583045967998,461.6406364133316,458.64924131939244
3.960000000000003,2.00315074842,-0.315479918556,23.6951287934,6.00505021311,5.98429969723,0.0,2.98856707302,-1.69641074418,5.19353566098,-0.225969141075,-0.179381210589,0.0,454.8487776915425,454.6775277685637,454.1986084043816,455.821055642241
4.080000000000001,2.38512725419,-0.540218860994,24.3199392737,5.97794518665,5.96325972122,0.0,3.38079042999,-2.05330495591,5.21423335437,-0.225744319625,-0.169834099385,0.0,461.5285285960489,461.8768574904644,461.57576477254094,461.5360690604165
4.199999999999998,2.81478222417,-0.80883063079,24.9437426277,5.94989672852,5.94250772369,0.0,3.78286638962,-2.42747450637,5.17678034267,-0.245533817209,-0.177353754421,0.0,458.2828257406487,457.9560261650517,457.9644108851447,457.12360803634004
4.319999999999996,3.29616328562,-1.12611095677,25.5673382496,5.91638047194,5.9209744181,0.0,4.24260447471,-2.86492485476,5.20831588795,-0.34172371654,-0.18240451674,0.0,475.6409350578721,475.41864214162223,478.8681312722974,475.11693115981217
4.439999999999993,3.83086990313,-1.4951017567,26.1849745297,5.87417447122,5.89856488794,0.0,4.67157603025,-3.29035404562,5.0781658761,-0.366654019617,-0.192991680281,0.0,457.0054399891253,456.55031443603053,458.0864616937882,456.9698922833909
4.559999999999991,4.41760260814,-1.91684671569,26.7834962334,5.83005527481,5.87917712352,0.0,5.10896000027,-3.74399397529,4.88949198297,-0.369069033897,-0.125310205156,0.0,453.5449434221461,456.23002956205096,455.5560855991964,455.32346624200505
4.679999999999988,5.05224776714,-2.38976888487,27.3461885417,5.78490335994,5.862471894,0.0,5.46983450806,-4.14315673016,4.48411861778,-0.386797828475,-0.160711106862,0.0,421.948562243651,420.3976188289888,421.58339878093375,420.6611553036235
4.799999999999986,5.7389304843,-2.92127433381,27.8741687954,5.73576795046,5.84355426083,0.0,5.97513919997,-4.71976160792,4.30430648118,-0.446975547058,-0.15345593386,0.0,472.52669492130025,472.784408266078,475.8942877121999,473.4196018074221
4.919999999999983,6.48251230121,-3.51945666097,28.3695986602,5.67909965983,5.82570394802,0.0,6.41802185185,-5.25467694909,3.94293368118,-0.514978110892,-0.142388055697,0.0,450.5760198997016,451.0028861823932,453.3880560905053,450.4133194152085
5.0399999999999805,7.28368179317,-4.18878961536,28.8251660899,5.61769847762,5.80903569862,0.0,6.93338088835,-5.90475262474,3.63578916648,-0.507195845189,-0.134145920399,0.0,476.99577461720156,477.2940330038918,476.96248650202097,477.0042140499529
